
4 10
0 0 1 0 0 0 0 1 0 1
0 0 0 0 0 0 1 0 0 1
0 0 0 0 0 0 0 0 0 0
0 1 1 0 0 1 0 0 0 0
-1

3 10
1 1 0 0 0 0 0 0 1 1
1 0 0 0 0 1 0 0 0 1
0 0 1 0 0 0 1 0 1 1
correct answer: -1

9 5
0 1 1 1 1
1 0 0 1 0
0 0 0 1 0
1 1 0 0 1
1 1 0 1 1
1 0 0 0 1
1 0 1 1 0
0 0 1 0 0
0 0 0 0 0
correct answer: 11

note:
0 1 1 1 1
1 + + 1 |
0 | | 1 |
1 1 | 0 1
1 1 | 1 1
1 0 | 0 1
1 0 1 1 0
0 0 1 0 0
0 0 0 0 0

https://www.acmicpc.net/source/15308998
8 8
0 0 0 0 0 1 0 1
0 1 0 1 0 1 1 0
1 1 1 1 1 1 0 0
0 0 1 0 0 1 0 0
1 1 0 0 0 1 1 0
0 0 0 1 1 1 1 1
0 1 1 0 0 1 1 0
0 0 1 0 1 0 0 1
correct answer: -1
note: 69번째 줄 우측의 두 1은 서로만 연결 가능, 그 외에 섬과는 불가능

https://www.acmicpc.net/source/15308689
10 5
0 1 0 0 0
1 1 1 0 0
1 0 1 1 1
0 1 1 1 0
1 0 0 0 1
1 1 1 0 1
0 0 0 0 1
0 0 0 1 0
0 0 0 1 1
0 0 0 0 0
correct answer: -1
note: 좌우로 있는 두 섬과 상하로 있는 두 섬 사이에 다리 건설 불가능

https://www.acmicpc.net/source/15300722
9 3
0 1 1
0 0 1
1 0 0
1 0 0
0 1 0
0 0 1
1 0 0
0 1 0
0 1 0
correct answer: -1
note: 좌측의 두 점과 나머지는 연결 불가능

https://www.acmicpc.net/source/15290016
10 6
0 0 0 1 0 0
0 0 0 1 0 0
0 1 0 0 0 1
0 0 0 0 0 0
1 1 0 1 1 0
1 0 0 0 1 0
1 1 0 0 1 0
0 0 0 0 1 1
0 0 0 0 0 0
0 1 0 0 0 0
correct answer: 13
note:
0 0 0 1 0 0
0 0 0 1 0 0
0 1 - + - 1
0 0 0 | 0 |
1 1 0 1 1 |
1 0 0 0 1 |
1 1 - - 1 |
0 | 0 0 1 1
0 | 0 0 0 0
0 1 0 0 0 0

https://www.acmicpc.net/source/15282637
4 9
0 0 1 1 1 0 0 1 0
1 0 0 1 0 0 0 1 0
0 0 1 0 0 1 0 1 0
1 0 0 0 0 0 0 1 0
correct answer: -1
note: 135번째 줄의 서로 떨어진 1 둘끼리는 연결되지만 나머지와 불가능

https://www.acmicpc.net/source/15342628
10 10
1 1 1 1 1 1 1 1 1 1
0 0 0 0 0 0 0 0 0 0
0 0 0 0 0 0 0 0 0 0
0 0 0 0 0 0 0 0 0 0
0 0 0 0 0 0 0 0 0 0
0 0 0 0 0 0 0 0 0 0
0 0 0 0 0 0 0 0 0 0
0 0 0 0 0 0 0 0 0 0
0 0 0 0 0 0 0 0 0 0
1 0 1 0 1 0 1 0 1 0
answer: 40